Run semi-empirical minimization
 &qmmm
    qm_theory='AM1', grms_tol=0.0005,
 scfconv=1.d-10, ndiis_attempts=700,   qmcharge=0,
 /
   6    C1       82.3650       83.3410       72.4990 
   7    N1       83.2980       84.6570       74.4050 
   8    O1       81.9260       82.3880       69.8740 
   6    C2       81.0490       83.2700       73.3210 
   7    N2       82.6960       82.0680       72.0060 
   8    O2       84.5770       84.2470       72.6890 
   6    C3       80.8700       84.4260       74.3210 
   7    N3       84.4920       78.2230       73.4280 
   8    O3       82.0060       85.0330       76.2910 
   6    C4       82.1050       84.7550       75.0960 
   6    C5       83.4860       84.0730       73.2340 
   6    C6       82.8000       80.2150       70.6860 
   6    C7       83.3340       79.8770       71.9520 
   6    C8       83.3490       81.1150       72.8840 
   6    C9       82.2920       81.5900       70.7880 
   6   C10       83.5240       78.1390       69.7760 
   6   C11       84.0890       77.8250       71.0190 
   6   C12       83.9430       78.6370       72.1820 
   6   C13       82.8980       79.3560       69.5780 
   1    H1       82.2220       84.1440       71.7640 
   1    H2       84.1320       84.8950       74.9300 
   1    H3       83.5600       77.4130       68.9690 
   1    H4       84.7210       76.9480       71.1260 
   1    H5       82.5470       79.6530       68.5940 
   1    H6       84.3700       81.4500       73.1030 
   1    H7       82.9140       80.9700       73.8810 
   1    H8       84.4480       78.8800       74.1960 
   1    H9       85.0690       77.3940       73.4890 
   1   H10       80.9060       82.3890       73.9610 
   1   H11       80.2290       83.1740       72.5970 
   1   H12       80.0480       84.1760       75.0050 
   1   H13       80.6990       85.3480       73.7490 

