Run semi-empirical minimization
 &qmmm
    qm_theory='AM1', grms_tol=0.0005,
 scfconv=1.d-10, ndiis_attempts=700,   qmcharge=0,
 /
   6    C1       81.4510       75.7510       75.4630 
   7    N1       82.4190       77.0990       77.3000 
   8    O1       80.8650       74.6420       72.8260 
   6    C2       80.0090       75.9910       76.1350 
   7    N2       81.6200       74.3660       75.0440 
   8    O2       83.8060       76.2630       75.8640 
   6    C3       79.9930       77.3300       76.8940 
   7    N3       83.3010       70.6310       76.3310 
   8    O3       81.1490       78.1310       78.8270 
   6    C4       81.1930       77.5910       77.7850 
   6    C5       82.6690       76.4130       76.2340 
   6    C6       81.6720       72.4960       73.6550 
   6    C7       82.3370       72.2180       74.8350 
   6    C8       82.3700       73.4610       75.8400 
   6    C9       81.3520       73.9220       73.7340 
   6   C10       81.8040       70.2440       72.9080 
   6   C11       82.3900       69.8370       74.1500 
   6   C12       82.6620       70.8500       75.1130 
   6   C13       81.4300       71.5440       72.6860 
   1    H1       81.4310       76.3500       74.5430 
   1    H2       83.2280       77.2970       77.8770 
   1    H3       81.7500       69.4840       72.1340 
   1    H4       82.7850       68.8330       74.2740 
   1    H5       80.9530       71.7480       71.7320 
   1    H6       83.4280       73.7430       75.9060 
   1    H7       81.9830       73.2640       76.8470 
   1    H8       83.4950       71.3700       76.9930 
   1    H9       83.3460       69.6900       76.6990 
   1   H10       79.8780       75.2350       76.9210 
   1   H11       79.0960       75.8510       75.5410 
   1   H12       79.0490       77.3780       77.4530 
   1   H13       79.9390       78.0340       76.0530 

