Run semi-empirical minimization
 &qmmm
    qm_theory='AM1', grms_tol=0.0005,
 scfconv=1.d-10, ndiis_attempts=700,   qmcharge=0,
 /
   6    C1       78.7090       72.0180       73.9270 
   7    N1       79.4190       73.6410       75.7560 
   8    O1       78.7970       70.5320       71.4300 
   6    C2       77.2620       72.0390       74.4810 
   7    N2       79.2310       70.6290       73.6810 
   8    O2       81.0250       72.7100       74.4020 
   6    C3       77.0580       73.3440       75.2930 
   7    N3       79.9900       66.8160       75.7980 
   8    O3       77.9990       74.3430       77.2640 
   6    C4       78.2080       73.7690       76.2360 
   6    C5       79.8090       72.7600       74.7540 
   6    C6       79.3770       68.5760       72.5930 
   6    C7       79.6200       68.3580       73.9490 
   6    C8       79.6440       69.6130       74.7050 
   6    C9       79.1440       70.0030       72.4360 
   6   C10       79.4970       66.1650       72.1290 
   6   C11       79.8490       65.9700       73.4750 
   6   C12       79.7940       67.0230       74.4640 
   6   C13       79.2170       67.5080       71.6900 
   1    H1       78.7370       72.5620       72.9730 
   1    H2       80.2050       73.9150       76.3340 
   1    H3       79.3980       65.2370       71.5750 
   1    H4       80.0370       64.9540       73.8080 
   1    H5       78.8460       67.7130       70.6900 
   1    H6       80.6430       69.8780       75.0720 
   1    H7       78.9120       69.6780       75.5210 
   1    H8       80.0140       67.5350       76.5090 
   1    H9       80.0020       65.8550       76.1140 
   1   H10       77.0430       71.2690       75.2330 
   1   H11       76.5710       71.7710       73.6710 
   1   H12       76.1330       73.3490       75.8860 
   1   H13       76.9790       74.2160       74.6320 

