Run semi-empirical minimization
 &qmmm
    qm_theory='AM1', grms_tol=0.0005,
 scfconv=1.d-10, ndiis_attempts=700,   qmcharge=0,
 /
   6    C1       78.5080       73.3330       75.3880 
   7    N1       79.1950       74.9610       77.0130 
   8    O1       78.5430       72.2160       72.6650 
   6    C2       77.1430       73.3120       76.2340 
   7    N2       78.8120       71.9620       74.9320 
   8    O2       80.8310       74.1210       75.6550 
   6    C3       76.7470       74.7190       76.7600 
   7    N3       79.5720       67.8760       76.4860 
   8    O3       77.7800       76.0500       78.4710 
   6    C4       77.9170       75.3730       77.4720 
   6    C5       79.6450       74.1080       76.0220 
   6    C6       78.7040       70.0360       73.6810 
   6    C7       79.0660       69.6770       74.9750 
   6    C8       79.2490       70.8920       75.8660 
   6    C9       78.6280       71.5210       73.6500 
   6   C10       78.4840       67.7000       73.0940 
   6   C11       78.9230       67.3420       74.4030 
   6   C12       79.1920       68.3160       75.2810 
   6   C13       78.4870       69.0540       72.7170 
   1    H1       78.3380       73.8660       74.4420 
   1    H2       79.9700       75.3700       77.5220 
   1    H3       78.2110       66.8880       72.4260 
   1    H4       78.9650       66.2740       74.5960 
   1    H5       78.1820       69.3810       71.7280 
   1    H6       80.2230       71.1710       76.2850 
   1    H7       78.5800       70.8600       76.7350 
   1    H8       79.4820       68.5030       77.2740 
   1    H9       79.5280       66.8740       76.6110 
   1   H10       77.2850       72.6240       77.0780 
   1   H11       76.3570       72.8830       75.6000 
   1   H12       75.7980       74.9090       77.2780 
   1   H13       76.7020       75.3560       75.8660 

