Run semi-empirical minimization
 &qmmm
    qm_theory='AM1', grms_tol=0.0005,
 scfconv=1.d-10, ndiis_attempts=700,   qmcharge=0,
 /
   6    C1       81.3100       75.4760       75.3150 
   7    N1       82.3330       76.9890       76.9490 
   8    O1       81.2210       74.3370       72.4260 
   6    C2       79.9350       75.4960       76.0790 
   7    N2       81.6390       74.1410       74.8130 
   8    O2       83.6000       76.2650       75.2700 
   6    C3       79.8120       76.9100       76.7120 
   7    N3       83.4830       70.5110       76.2860 
   8    O3       81.1290       78.0080       78.4780 
   6    C4       81.1580       77.3840       77.4450 
   6    C5       82.4820       76.2980       75.8260 
   6    C6       82.1940       72.3880       73.3500 
   6    C7       82.5690       72.0810       74.6850 
   6    C8       82.1490       73.1490       75.6510 
   6    C9       81.6230       73.7280       73.4060 
   6   C10       83.3100       70.3730       72.5560 
   6   C11       83.5230       70.0070       73.8910 
   6   C12       83.2320       70.8370       74.9330 
   6   C13       82.5910       71.5130       72.2880 
   1    H1       81.1230       76.0880       74.4210 
   1    H2       83.1320       77.5290       77.2590 
   1    H3       83.6090       69.6260       71.8270 
   1    H4       84.0050       69.0630       74.1280 
   1    H5       82.5350       71.9440       71.2920 
   1    H6       82.8800       73.5430       76.3690 
   1    H7       81.3380       72.7540       76.2740 
   1    H8       83.5620       71.2030       77.0190 
   1    H9       83.8980       69.6040       76.4550 
   1   H10       79.9060       74.6930       76.8270 
   1   H11       79.1950       75.3470       75.2820 
   1   H12       78.8780       76.9800       77.2830 
   1   H13       79.9080       77.6010       75.8640 

