Run semi-empirical minimization
 &qmmm
    qm_theory='AM1', grms_tol=0.0005,
 scfconv=1.d-10, ndiis_attempts=700,   qmcharge=0,
 /
   6    C1       80.8250       75.7320       75.0610 
   7    N1       81.7110       76.7580       77.1230 
   8    O1       80.5570       74.8540       72.3260 
   6    C2       79.4810       75.7510       75.7900 
   7    N2       80.9500       74.3450       74.5610 
   8    O2       83.1820       76.1510       75.5550 
   6    C3       79.3480       76.9910       76.7240 
   7    N3       82.1910       70.2610       75.6800 
   8    O3       80.5070       77.7810       78.6690 
   6    C4       80.5360       77.2600       77.5870 
   6    C5       82.0060       76.2920       75.8530 
   6    C6       81.1270       72.6110       73.0410 
   6    C7       81.5320       72.1160       74.3040 
   6    C8       81.5140       73.1880       75.3990 
   6    C9       80.7870       74.0580       73.1990 
   6   C10       81.2380       70.3780       72.0540 
   6   C11       81.6580       69.8910       73.3070 
   6   C12       81.8190       70.7700       74.4480 
   6   C13       80.8650       71.7590       71.8860 
   1    H1       80.6840       76.4880       74.2770 
   1    H2       82.5700       76.9460       77.6270 
   1    H3       81.1460       69.6490       71.2540 
   1    H4       81.8650       68.8270       73.3750 
   1    H5       80.5440       72.2820       70.9900 
   1    H6       82.5380       73.4150       75.7230 
   1    H7       80.8810       72.8070       76.2110 
   1    H8       81.6690       70.5710       76.4890 
   1    H9       82.4180       69.2770       75.7400 
   1   H10       79.3020       74.8280       76.3560 
   1   H11       78.7290       75.6580       74.9960 
   1   H12       78.4510       76.8790       77.3480 
   1   H13       79.1450       77.8870       76.1230 

