Run semi-empirical minimization
 &qmmm
    qm_theory='AM1', grms_tol=0.0005,
 scfconv=1.d-10, ndiis_attempts=700,   qmcharge=0,
 /
   6    C1       80.9530       76.9910       75.9600 
   7    N1       82.0160       78.3120       77.7590 
   8    O1       80.7080       76.1350       73.1950 
   6    C2       79.5800       77.1840       76.6510 
   7    N2       81.0050       75.6030       75.4610 
   8    O2       83.3610       77.2660       76.3430 
   6    C3       79.5550       78.4830       77.4840 
   7    N3       82.7100       71.6840       76.4430 
   8    O3       80.8110       79.3650       79.2720 
   6    C4       80.8330       78.7700       78.2410 
   6    C5       82.2300       77.5050       76.7000 
   6    C6       81.3960       73.9630       73.9390 
   6    C7       81.7220       73.5140       75.1940 
   6    C8       81.6580       74.5230       76.2790 
   6    C9       80.9890       75.3500       74.0670 
   6   C10       81.9950       71.9360       72.8530 
   6   C11       82.3470       71.4820       74.0890 
   6   C12       82.2610       72.2300       75.2900 
   6   C13       81.4510       73.2540       72.7580 
   1    H1       80.8590       77.6780       75.1080 
   1    H2       82.7690       78.5900       78.3770 
   1    H3       82.0000       71.2550       72.0070 
   1    H4       82.7790       70.4870       74.1380 
   1    H5       81.1420       73.6890       71.8120 
   1    H6       82.6450       74.7920       76.6760 
   1    H7       80.8740       74.2280       76.9880 
   1    H8       82.4940       72.1270       77.3270 
   1    H9       83.1110       70.7560       76.4480 
   1   H10       79.3580       76.3350       77.3110 
   1   H11       78.7760       77.2110       75.9030 
   1   H12       78.6460       78.5220       78.0990 
   1   H13       79.4150       79.3880       76.8800 

