Run semi-empirical minimization
 &qmmm
    qm_theory='AM1', grms_tol=0.0005,
 scfconv=1.d-10, ndiis_attempts=700,   qmcharge=0,
 /
   6    C1       82.9000       83.6300       74.1480 
   7    N1       84.0560       84.7750       75.9230 
   8    O1       82.0670       82.7410       71.4320 
   6    C2       81.7480       83.4390       75.1510 
   7    N2       83.2010       82.3470       73.4250 
   8    O2       85.2110       84.3860       74.0780 
   6    C3       81.5800       84.6840       75.9570 
   7    N3       85.1040       78.4190       73.9870 
   8    O3       83.1020       85.3050       77.7270 
   6    C4       82.9670       84.9420       76.6300 
   6    C5       84.2080       84.3010       74.6710 
   6    C6       83.2520       80.7240       71.8340 
   6    C7       83.8920       80.2340       72.9360 
   6    C8       83.9210       81.2230       74.0610 
   6    C9       82.7390       82.0560       72.1600 
   6   C10       83.4600       78.6210       70.7270 
   6   C11       84.2500       78.1850       71.8020 
   6   C12       84.3620       78.9550       72.9540 
   6   C13       83.0210       79.9480       70.7010 
   1    H1       82.5340       84.4360       73.4980 
   1    H2       84.9170       85.0420       76.3860 
   1    H3       83.2720       77.9410       69.9010 
   1    H4       84.6280       77.1670       71.7660 
   1    H5       82.4210       80.2110       69.8350 
   1    H6       84.9280       81.6010       74.2730 
   1    H7       83.4250       80.9530       75.0020 
   1    H8       85.2030       78.7920       74.9220 
   1    H9       85.1120       77.4110       73.8990 
   1   H10       81.9470       82.5880       75.8140 
   1   H11       80.8070       83.1000       74.6990 
   1   H12       80.8110       84.6200       76.7380 
   1   H13       81.4480       85.5180       75.2550 

