Run semi-empirical minimization
 &qmmm
    qm_theory='AM1', grms_tol=0.0005,
 scfconv=1.d-10, ndiis_attempts=700,   qmcharge=0,
 /
   6    C1       82.3460       79.9720       74.4180 
   7    N1       83.4950       81.2480       76.1680 
   8    O1       81.8250       79.1070       71.5240 
   6    C2       81.2080       79.8790       75.4730 
   7    N2       82.6170       78.6890       73.7250 
   8    O2       84.6780       80.7020       74.3950 
   6    C3       81.0230       81.1770       76.3340 
   7    N3       84.2680       74.8750       74.8360 
   8    O3       82.4480       82.1250       78.0060 
   6    C4       82.3840       81.5950       76.9280 
   6    C5       83.5780       80.7070       74.9530 
   6    C6       82.7670       76.9250       72.1720 
   6    C7       83.2540       76.5840       73.4670 
   6    C8       83.2050       77.6040       74.5070 
   6    C9       82.3620       78.3740       72.3650 
   6   C10       83.3220       74.8620       71.1860 
   6   C11       83.7660       74.4840       72.5130 
   6   C12       83.7590       75.2880       73.6240 
   6   C13       82.7080       76.1030       71.0540 
   1    H1       81.9980       80.6230       73.6050 
   1    H2       84.4060       81.5060       76.5290 
   1    H3       83.3880       74.1590       70.3610 
   1    H4       84.2070       73.4990       72.6380 
   1    H5       82.3970       76.4750       70.0820 
   1    H6       84.1840       77.9100       74.8980 
   1    H7       82.5270       77.4460       75.3550 
   1    H8       84.3270       75.4790       75.6450 
   1    H9       84.5780       73.9260       74.9950 
   1   H10       81.2300       79.0020       76.1330 
   1   H11       80.2610       79.5840       75.0030 
   1   H12       80.2410       80.9900       77.0820 
   1   H13       80.8180       82.0530       75.7040 

