Run semi-empirical minimization
 &qmmm
    qm_theory='AM1', grms_tol=0.0005,
 scfconv=1.d-10, ndiis_attempts=700,   qmcharge=0,
 /
   6    C1       82.1310       82.4190       75.7020 
   7    N1       83.1200       83.7510       77.5020 
   8    O1       81.8680       81.1820       72.9580 
   6    C2       81.0100       82.1730       76.8050 
   7    N2       82.5260       81.0810       75.1910 
   8    O2       84.4490       83.1330       75.9580 
   6    C3       80.6770       83.3610       77.6930 
   7    N3       84.6720       77.5230       76.6320 
   8    O3       82.1440       84.1100       79.4910 
   6    C4       81.9960       83.8490       78.2930 
   6    C5       83.3030       83.1510       76.3730 
   6    C6       82.9360       79.2490       73.8060 
   6    C7       83.3520       78.9550       75.0930 
   6    C8       83.1800       80.0860       76.0910 
   6    C9       82.3540       80.6090       73.9150 
   6   C10       83.8940       77.1580       72.9760 
   6   C11       84.2610       76.8670       74.2950 
   6   C12       84.1430       77.8150       75.3810 
   6   C13       83.1250       78.3690       72.7040 
   1    H1       81.8300       83.0880       74.8850 
   1    H2       83.9720       83.9600       78.0090 
   1    H3       84.0350       76.3080       72.3150 
   1    H4       84.7610       75.9190       74.4690 
   1    H5       82.7570       78.6140       71.7120 
   1    H6       84.1100       80.5210       76.4770 
   1    H7       82.5650       79.6650       76.8970 
   1    H8       84.5080       78.1650       77.3960 
   1    H9       84.7430       76.5390       76.8550 
   1   H10       81.2980       81.2760       77.3690 
   1   H11       80.0470       81.9260       76.3390 
   1   H12       79.9230       83.1960       78.4730 
   1   H13       80.4090       84.2760       77.1480 

