Run semi-empirical minimization
 &qmmm
    qm_theory='AM1', grms_tol=0.0005,
 scfconv=1.d-10, ndiis_attempts=700,   qmcharge=0,
 /
   6    C1       80.9710       75.8280       75.4830 
   7    N1       81.6790       77.0600       77.5510 
   8    O1       80.6530       74.6750       72.6760 
   6    C2       79.5640       75.8850       76.1550 
   7    N2       81.1940       74.4450       74.9640 
   8    O2       83.2560       76.2910       76.2140 
   6    C3       79.3320       77.0670       77.0040 
   7    N3       82.5470       70.6690       76.5420 
   8    O3       80.3800       77.7680       79.1340 
   6    C4       80.4820       77.3350       78.0020 
   6    C5       82.1030       76.3970       76.3860 
   6    C6       81.2230       72.6170       73.6490 
   6    C7       81.5660       72.2470       74.9900 
   6    C8       81.6090       73.3640       75.9220 
   6    C9       80.9440       74.0740       73.6590 
   6   C10       81.8190       70.4110       72.8300 
   6   C11       82.2520       70.0530       74.1760 
   6   C12       82.1250       70.9690       75.2580 
   6   C13       81.2480       71.6830       72.5910 
   1    H1       80.8850       76.5590       74.6680 
   1    H2       82.4790       77.2770       78.1330 
   1    H3       81.8570       69.6770       72.0300 
   1    H4       82.5970       69.0470       74.3940 
   1    H5       80.9660       71.9900       71.5880 
   1    H6       82.5330       73.5610       76.4800 
   1    H7       80.8080       73.1560       76.6420 
   1    H8       82.4600       71.4340       77.1980 
   1    H9       82.7080       69.7290       76.8790 
   1   H10       79.4300       74.9880       76.7730 
   1   H11       78.7860       75.8990       75.3800 
   1   H12       78.3360       77.1970       77.4460 
   1   H13       79.4690       77.9280       76.3370 

