Run semi-empirical minimization
 &qmmm
    qm_theory='AM1', grms_tol=0.0005,
 scfconv=1.d-10, ndiis_attempts=700,   qmcharge=0,
 /
   6    C1       81.2180       76.1660       74.8720 
   7    N1       81.9060       77.3910       76.9250 
   8    O1       80.6810       74.6540       72.2900 
   6    C2       79.7960       76.0270       75.5270 
   7    N2       81.6500       74.7430       74.4380 
   8    O2       83.4280       76.9750       75.3550 
   6    C3       79.4910       77.2400       76.5160 
   7    N3       83.6780       71.0980       75.9450 
   8    O3       80.6150       78.2360       78.4310 
   6    C4       80.6740       77.6790       77.3570 
   6    C5       82.2860       76.9140       75.7140 
   6    C6       81.8800       72.7420       73.1640 
   6    C7       82.5130       72.5280       74.4290 
   6    C8       82.3550       73.7520       75.3590 
   6    C9       81.3080       74.1450       73.1980 
   6   C10       82.4380       70.4900       72.4200 
   6   C11       83.0420       70.3080       73.7600 
   6   C12       83.0410       71.2910       74.7310 
   6   C13       81.8570       71.7810       72.1440 
   1    H1       81.0130       76.7660       73.9750 
   1    H2       82.6290       77.7230       77.5520 
   1    H3       82.5570       69.7330       71.6500 
   1    H4       83.2840       69.2870       74.0420 
   1    H5       81.2420       71.9610       71.2680 
   1    H6       83.3140       74.0920       75.7710 
   1    H7       81.6570       73.5460       76.1810 
   1    H8       83.6940       71.8240       76.6490 
   1    H9       83.6780       70.1250       76.2220 
   1   H10       79.7440       75.0810       76.0820 
   1   H11       79.1110       75.9230       74.6750 
   1   H12       78.6580       77.0240       77.1970 
   1   H13       79.0790       78.0770       75.9380 

