Run semi-empirical minimization
 &qmmm
    qm_theory='AM1', grms_tol=0.0005,
 scfconv=1.d-10, ndiis_attempts=700,   qmcharge=0,
 /
   6    C1       79.3480       73.2500       75.2960 
   7    N1       79.9040       74.6160       77.3810 
   8    O1       79.3980       71.9060       72.6570 
   6    C2       77.9500       73.2730       75.9890 
   7    N2       79.7150       71.9090       74.9420 
   8    O2       81.5060       74.1020       75.8300 
   6    C3       77.5310       74.5560       76.8420 
   7    N3       80.5640       68.1540       77.0650 
   8    O3       78.5520       75.6550       78.6760 
   6    C4       78.6530       75.1420       77.6340 
   6    C5       80.3730       74.0150       76.2050 
   6    C6       79.6730       69.9090       73.9680 
   6    C7       80.0090       69.6770       75.3020 
   6    C8       80.2440       71.0300       76.0040 
   6    C9       79.6250       71.3550       73.7060 
   6   C10       79.2650       67.5020       73.5970 
   6   C11       79.6320       67.2060       74.9430 
   6   C12       80.0310       68.3520       75.7840 
   6   C13       79.2870       68.8800       73.0990 
   1    H1       79.1910       73.8750       74.4060 
   1    H2       80.6840       74.8550       77.9820 
   1    H3       78.9540       66.6650       72.9790 
   1    H4       79.7670       66.1820       75.2760 
   1    H5       79.0290       69.1330       72.0750 
   1    H6       81.3060       71.2940       76.0900 
   1    H7       79.6570       71.1850       76.9170 
   1    H8       81.0630       68.9270       77.4850 
   1    H9       80.8130       67.1920       77.2510 
   1   H10       77.7530       72.3500       76.5500 
   1   H11       77.1880       73.2500       75.2000 
   1   H12       76.6270       74.4630       77.4590 
   1   H13       77.2600       75.2830       76.0660 

