Run semi-empirical minimization
 &qmmm
    qm_theory='AM1', grms_tol=0.0005,
 scfconv=1.d-10, ndiis_attempts=700,   qmcharge=0,
 /
   6    C1       82.8730       82.9790       74.2150 
   7    N1       83.9220       84.4750       75.9130 
   8    O1       82.7770       82.0200       71.3450 
   6    C2       81.6310       82.9850       75.1440 
   7    N2       83.2940       81.6830       73.6110 
   8    O2       85.1940       83.7150       74.2930 
   6    C3       81.5030       84.2920       76.0060 
   7    N3       85.3890       78.0840       74.9580 
   8    O3       82.8840       85.4560       77.5480 
   6    C4       82.8160       84.8080       76.5320 
   6    C5       84.1050       83.7560       74.7990 
   6    C6       83.8640       80.0410       72.1940 
   6    C7       84.3200       79.6140       73.4060 
   6    C8       83.8900       80.5790       74.4990 
   6    C9       83.2290       81.3470       72.2970 
   6   C10       84.7670       78.0180       71.3320 
   6   C11       85.1130       77.5790       72.5900 
   6   C12       84.9850       78.4230       73.6710 
   6   C13       84.1450       79.2540       71.0640 
   1    H1       82.6570       83.6410       73.3660 
   1    H2       84.8060       84.8720       76.2090 
   1    H3       84.9690       77.4290       70.4430 
   1    H4       85.5200       76.5920       72.7910 
   1    H5       83.8640       79.5040       70.0450 
   1    H6       84.6530       80.9470       75.1960 
   1    H7       83.0690       80.1540       75.0900 
   1    H8       85.0180       78.5990       75.7450 
   1    H9       85.6130       77.1120       75.1260 
   1   H10       81.6980       82.2370       75.9450 
   1   H11       80.6900       82.7200       74.6450 
   1   H12       80.7730       84.1790       76.8180 
   1   H13       81.1110       85.1040       75.3810 

