Run semi-empirical minimization
 &qmmm
    qm_theory='AM1', grms_tol=0.0005,
 scfconv=1.d-10, ndiis_attempts=700,   qmcharge=0,
 /
   6    C1       80.0880       75.9800       75.2000 
   7    N1       81.0480       77.5060       76.9670 
   8    O1       79.3510       74.5950       72.6860 
   6    C2       78.7770       76.0190       75.9800 
   7    N2       80.4170       74.6410       74.7570 
   8    O2       82.4020       76.5610       75.4980 
   6    C3       78.6140       77.2260       76.8270 
   7    N3       82.2520       70.9500       76.4030 
   8    O3       79.8250       78.2810       78.7230 
   6    C4       79.8810       77.7190       77.6090 
   6    C5       81.2790       76.6940       75.9100 
   6    C6       80.3860       72.6190       73.6180 
   6    C7       80.9510       72.4040       74.8690 
   6    C8       81.0220       73.6910       75.7220 
   6    C9       79.9670       74.0540       73.5580 
   6   C10       81.0440       70.3980       72.8640 
   6   C11       81.6270       70.1800       74.1670 
   6   C12       81.6490       71.2040       75.2100 
   6   C13       80.4070       71.6240       72.6220 
   1    H1       79.9300       76.5640       74.2840 
   1    H2       81.8720       77.9300       77.3760 
   1    H3       81.1600       69.5470       72.2000 
   1    H4       82.0350       69.1970       74.3870 
   1    H5       80.0010       71.7320       71.6200 
   1    H6       82.0790       73.8560       75.9650 
   1    H7       80.4810       73.7220       76.6760 
   1    H8       82.2490       71.6550       77.1290 
   1    H9       83.0180       70.2900       76.3900 
   1   H10       78.8570       75.1920       76.6990 
   1   H11       77.8950       75.8580       75.3460 
   1   H12       77.8480       77.1250       77.6070 
   1   H13       78.2980       78.0540       76.1780 

