Run semi-empirical minimization
 &qmmm
    qm_theory='AM1', grms_tol=0.0005,
 scfconv=1.d-10, ndiis_attempts=700,   qmcharge=0,
 /
   6    C1       79.2320       74.8300       74.5600 
   7    N1       80.3650       75.8780       76.5460 
   8    O1       78.5790       74.2290       71.7960 
   6    C2       77.9620       74.7580       75.4260 
   7    N2       79.4690       73.5310       73.8360 
   8    O2       81.6280       75.3580       74.8910 
   6    C3       77.9200       75.9720       76.3260 
   7    N3       81.1900       69.4100       74.2610 
   8    O3       79.2430       76.8700       78.1330 
   6    C4       79.2160       76.2880       77.0780 
   6    C5       80.4950       75.3590       75.3270 
   6    C6       79.6480       71.9960       72.1320 
   6    C7       80.3080       71.4870       73.1740 
   6    C8       80.1500       72.3690       74.4290 
   6    C9       79.0920       73.4190       72.4810 
   6   C10       80.1810       70.0370       70.8160 
   6   C11       80.7970       69.5400       71.9400 
   6   C12       80.8350       70.2170       73.1440 
   6   C13       79.5490       71.2700       70.8780 
   1    H1       78.9750       75.5460       73.7680 
   1    H2       81.2050       76.2590       76.9670 
   1    H3       80.1720       69.3750       69.9550 
   1    H4       81.2740       68.5650       71.9010 
   1    H5       79.0760       71.6270       69.9680 
   1    H6       81.1090       72.5800       74.9180 
   1    H7       79.4950       71.9580       75.2070 
   1    H8       80.8720       69.6620       75.1870 
   1    H9       81.6310       68.5120       74.1120 
   1   H10       78.0600       73.8050       75.9630 
   1   H11       77.0790       74.7550       74.7740 
   1   H12       77.1500       76.0120       77.1080 
   1   H13       77.7260       76.7550       75.5800 

