Run semi-empirical minimization
 &qmmm
    qm_theory='AM1', grms_tol=0.0005,
 scfconv=1.d-10, ndiis_attempts=700,   qmcharge=0,
 /
   6    C1       80.5860       75.8950       75.4210 
   7    N1       81.4450       77.3360       77.2610 
   8    O1       80.2040       74.8330       72.6980 
   6    C2       79.2850       75.8780       76.3150 
   7    N2       80.9120       74.5550       74.8870 
   8    O2       82.8860       76.6690       75.6220 
   6    C3       79.1050       77.1620       77.1500 
   7    N3       82.7090       70.8820       76.3080 
   8    O3       80.4530       78.0120       79.0680 
   6    C4       80.3340       77.5930       77.9000 
   6    C5       81.7450       76.6300       76.0720 
   6    C6       81.0240       72.7150       73.5810 
   6    C7       81.6160       72.4110       74.8500 
   6    C8       81.6500       73.6070       75.7360 
   6    C9       80.6540       74.1410       73.6030 
   6   C10       81.8520       70.6630       72.7100 
   6   C11       82.3290       70.3610       73.9550 
   6   C12       82.1500       71.1670       75.0950 
   6   C13       81.1290       71.8070       72.4930 
   1    H1       80.3170       76.4970       74.5430 
   1    H2       82.2510       77.8620       77.5780 
   1    H3       81.9540       69.9160       71.9280 
   1    H4       82.9190       69.4560       74.0650 
   1    H5       80.9820       72.0840       71.4540 
   1    H6       82.6660       73.9690       75.9350 
   1    H7       81.0700       73.3500       76.6320 
   1    H8       82.7040       71.5290       77.0850 
   1    H9       83.1350       69.9890       76.5140 
   1   H10       79.3810       75.0610       77.0420 
   1   H11       78.3610       75.5180       75.8460 
   1   H12       78.5010       76.7630       77.9750 
   1   H13       78.5980       77.8310       76.4430 

