Run semi-empirical minimization
 &qmmm
    qm_theory='AM1', grms_tol=0.0005,
 scfconv=1.d-10, ndiis_attempts=700,   qmcharge=0,
 /
   6    C1       79.8960       75.9440       74.5440 
   7    N1       80.7750       77.1430       76.5310 
   8    O1       79.7080       75.0070       71.7310 
   6    C2       78.5790       75.7490       75.3100 
   7    N2       80.2490       74.6320       73.9720 
   8    O2       82.1970       76.6410       74.8470 
   6    C3       78.3090       76.8750       76.2950 
   7    N3       82.0820       70.8690       75.3360 
   8    O3       79.3880       78.0550       78.0710 
   6    C4       79.5290       77.4130       77.0500 
   6    C5       81.0740       76.5770       75.3600 
   6    C6       80.5620       72.8870       72.6100 
   6    C7       81.0040       72.4900       73.8190 
   6    C8       80.9950       73.6320       74.8310 
   6    C9       80.1110       74.2850       72.6250 
   6   C10       80.9380       70.6600       71.8090 
   6   C11       81.4230       70.2590       73.0590 
   6   C12       81.5370       71.1970       74.0740 
   6   C13       80.5230       71.9500       71.5080 
   1    H1       79.6800       76.6450       73.7260 
   1    H2       81.5870       77.3140       77.1120 
   1    H3       80.8970       69.9360       71.0000 
   1    H4       81.8020       69.2580       73.2430 
   1    H5       80.0990       72.2620       70.5590 
   1    H6       81.9650       74.0460       75.1350 
   1    H7       80.4300       73.2340       75.6820 
   1    H8       82.0500       71.5600       76.0750 
   1    H9       82.0120       69.8930       75.5900 
   1   H10       78.6150       74.8440       75.9310 
   1   H11       77.7330       75.6240       74.6210 
   1   H12       77.7210       76.5220       77.1520 
   1   H13       77.7890       77.6840       75.7650 

