Run semi-empirical minimization
 &qmmm
    qm_theory='AM1', grms_tol=0.0005,
 scfconv=1.d-10, ndiis_attempts=700,   qmcharge=0,
 /
   6    C1       80.3930       76.5040       75.3040 
   7    N1       81.4250       77.7470       77.1630 
   8    O1       79.7740       75.2150       72.7250 
   6    C2       79.1020       76.5350       76.1300 
   7    N2       80.5300       75.0700       74.9410 
   8    O2       82.7160       77.2150       75.3520 
   6    C3       79.0050       77.7720       77.0690 
   7    N3       82.0740       71.3010       76.6150 
   8    O3       80.3370       78.8290       78.7830 
   6    C4       80.2970       78.1980       77.7130 
   6    C5       81.6390       77.2500       75.9120 
   6    C6       80.8180       73.2070       73.6590 
   6    C7       81.1580       72.9180       74.9720 
   6    C8       81.0760       74.0580       75.9020 
   6    C9       80.2940       74.6160       73.6540 
   6   C10       81.4990       71.0000       72.9110 
   6   C11       81.8910       70.7260       74.2830 
   6   C12       81.7450       71.6760       75.3210 
   6   C13       80.9720       72.3160       72.6130 
   1    H1       80.1930       77.1430       74.4330 
   1    H2       82.2220       78.1810       77.6140 
   1    H3       81.6150       70.3180       72.0740 
   1    H4       82.1910       69.7320       74.6020 
   1    H5       80.6300       72.6350       71.6330 
   1    H6       82.0400       74.3700       76.3210 
   1    H7       80.4620       73.7700       76.7640 
   1    H8       82.1230       72.0070       77.3380 
   1    H9       82.4970       70.3890       76.7280 
   1   H10       78.9270       75.5960       76.6710 
   1   H11       78.2720       76.6810       75.4260 
   1   H12       78.2050       77.8030       77.8190 
   1   H13       78.8220       78.6440       76.4270 

