Run semi-empirical minimization
 &qmmm
    qm_theory='AM1', grms_tol=0.0005,
 scfconv=1.d-10, ndiis_attempts=700,   qmcharge=0,
 /
   6    C1       81.6630       77.6920       75.9650 
   7    N1       82.5500       79.2780       77.6900 
   8    O1       81.2410       76.1410       73.4240 
   6    C2       80.2780       77.7360       76.8460 
   7    N2       81.9920       76.2760       75.6630 
   8    O2       84.0100       78.2050       76.3970 
   6    C3       80.0990       79.0860       77.5000 
   7    N3       84.0070       72.8160       77.5790 
   8    O3       81.1320       80.0400       79.3130 
   6    C4       81.2920       79.5580       78.2400 
   6    C5       82.8470       78.4330       76.6760 
   6    C6       82.2350       74.1990       74.6400 
   6    C7       82.8140       74.0610       75.8610 
   6    C8       82.8370       75.3990       76.5910 
   6    C9       81.7800       75.6300       74.4180 
   6   C10       82.4800       71.8380       74.3320 
   6   C11       83.0780       71.6910       75.5900 
   6   C12       83.3190       72.8490       76.3540 
   6   C13       82.0770       73.0900       73.8470 
   1    H1       81.5120       78.1800       74.9930 
   1    H2       83.3030       79.5890       78.2920 
   1    H3       82.2450       70.9680       73.7250 
   1    H4       83.3600       70.7570       76.0670 
   1    H5       81.5780       73.0770       72.8820 
   1    H6       83.8950       75.6580       76.7220 
   1    H7       82.3850       75.2240       77.5750 
   1    H8       83.8480       73.4930       78.3130 
   1    H9       84.2520       71.9100       77.9540 
   1   H10       80.3300       76.8830       77.5360 
   1   H11       79.4540       77.4730       76.1710 
   1   H12       79.3360       79.1180       78.2890 
   1   H13       79.9220       79.8340       76.7160 

