Run semi-empirical minimization
 &qmmm
    qm_theory='AM1', grms_tol=0.0005,
 scfconv=1.d-10, ndiis_attempts=700,   qmcharge=0,
 /
   6    C1       81.9600       81.7010       76.0090 
   7    N1       82.8320       83.2530       77.7720 
   8    O1       81.5560       80.3790       73.3810 
   6    C2       80.7300       81.3760       76.8890 
   7    N2       82.4380       80.3940       75.5280 
   8    O2       84.2200       82.8480       76.1150 
   6    C3       80.3800       82.6510       77.6360 
   7    N3       84.3420       76.7610       76.9460 
   8    O3       81.5010       83.7090       79.5850 
   6    C4       81.6300       83.2220       78.4430 
   6    C5       83.1260       82.6440       76.6020 
   6    C6       82.7260       78.4950       74.1950 
   6    C7       83.2260       78.2190       75.4320 
   6    C8       83.2060       79.4430       76.3890 
   6    C9       82.1710       79.8370       74.2740 
   6   C10       82.9590       76.1750       73.5590 
   6   C11       83.5080       75.9110       74.7890 
   6   C12       83.6810       76.9660       75.7860 
   6   C13       82.5830       77.4730       73.2160 
   1    H1       81.5270       82.2290       75.1480 
   1    H2       83.6570       83.5790       78.2610 
   1    H3       82.7610       75.3310       72.9050 
   1    H4       83.8440       74.8970       74.9850 
   1    H5       81.9990       77.6380       72.3150 
   1    H6       84.2190       79.8010       76.6160 
   1    H7       82.7440       79.1380       77.3360 
   1    H8       84.3670       77.4400       77.6950 
   1    H9       85.0270       76.0170       76.9770 
   1   H10       80.8640       80.5300       77.5750 
   1   H11       79.9320       81.0790       76.1960 
   1   H12       79.4570       82.5470       78.2220 
   1   H13       80.1030       83.3310       76.8190 

