Run semi-empirical minimization
 &qmmm
    qm_theory='AM1', grms_tol=0.0005,
 scfconv=1.d-10, ndiis_attempts=700,   qmcharge=0,
 /
   6    C1       80.6940       75.4200       75.7420 
   7    N1       81.5460       76.7940       77.5870 
   8    O1       80.4240       74.5010       73.0860 
   6    C2       79.3450       75.3400       76.5840 
   7    N2       81.0270       74.0760       75.2790 
   8    O2       82.9900       75.9370       76.0780 
   6    C3       79.1640       76.7130       77.2310 
   7    N3       82.0400       70.0210       76.7570 
   8    O3       80.2570       77.7830       79.0990 
   6    C4       80.3600       77.2090       78.0220 
   6    C5       81.8640       76.0720       76.4880 
   6    C6       81.0990       72.2600       73.9450 
   6    C7       81.3880       71.8320       75.2570 
   6    C8       81.4730       73.0170       76.1760 
   6    C9       80.7790       73.6890       73.9590 
   6   C10       81.3030       69.9900       73.0800 
   6   C11       81.5780       69.5980       74.4510 
   6   C12       81.6530       70.5040       75.5160 
   6   C13       81.0620       71.4010       72.8670 
   1    H1       80.7090       76.1310       74.9050 
   1    H2       82.3250       77.0790       78.1670 
   1    H3       81.3230       69.2770       72.2610 
   1    H4       81.7640       68.5540       74.6840 
   1    H5       80.9280       71.7890       71.8610 
   1    H6       82.5420       73.0540       76.4190 
   1    H7       80.9170       72.9640       77.1210 
   1    H8       81.8390       70.5220       77.6120 
   1    H9       82.4300       69.0880       76.7920 
   1   H10       79.3500       74.5270       77.3220 
   1   H11       78.4470       75.1090       75.9960 
   1   H12       78.3060       76.8100       77.9100 
   1   H13       79.0180       77.4330       76.4150 

