Run semi-empirical minimization
 &qmmm
    qm_theory='AM1', grms_tol=0.0005,
 scfconv=1.d-10, ndiis_attempts=700,   qmcharge=0,
 /
   6    C1       79.2750       74.1920       75.4230 
   7    N1       79.9310       75.8000       77.2620 
   8    O1       79.0580       72.5280       72.8860 
   6    C2       77.8850       74.1310       76.0770 
   7    N2       79.7400       72.7920       75.2090 
   8    O2       81.5190       75.0270       75.8940 
   6    C3       77.4760       75.4880       76.8250 
   7    N3       81.3130       69.1770       77.2940 
   8    O3       78.4350       76.5990       78.7260 
   6    C4       78.6280       76.0450       77.6510 
   6    C5       80.3320       75.0050       76.1510 
   6    C6       79.7100       70.7010       74.3420 
   6    C7       80.1940       70.6290       75.6470 
   6    C8       80.3200       72.0260       76.3170 
   6    C9       79.3830       72.0650       74.0030 
   6   C10       79.7470       68.3210       74.1660 
   6   C11       80.4350       68.2800       75.4190 
   6   C12       80.6210       69.4030       76.1630 
   6   C13       79.4190       69.5440       73.6070 
   1    H1       79.1680       74.7020       74.4560 
   1    H2       80.6270       76.2200       77.8660 
   1    H3       79.5710       67.4210       73.5830 
   1    H4       80.8260       67.3240       75.7540 
   1    H5       79.0200       69.7020       72.6090 
   1    H6       81.3830       72.2300       76.4950 
   1    H7       79.7380       72.0630       77.2460 
   1    H8       81.1510       69.7470       78.1140 
   1    H9       81.4630       68.1940       77.4810 
   1   H10       77.8410       73.3310       76.8270 
   1   H11       77.0910       73.9460       75.3420 
   1   H12       76.5590       75.3930       77.4220 
   1   H13       77.2520       76.1630       75.9880 

