Run semi-empirical minimization
 &qmmm
    qm_theory='AM1', grms_tol=0.0005,
 scfconv=1.d-10, ndiis_attempts=700,   qmcharge=0,
 /
   6    C1       81.3350       75.8970       75.2820 
   7    N1       82.2410       77.4540       76.9840 
   8    O1       81.0060       74.6600       72.5760 
   6    C2       80.1100       75.8400       76.1240 
   7    N2       81.5270       74.4440       74.7750 
   8    O2       83.6130       76.7250       75.4840 
   6    C3       79.8380       77.1890       76.9060 
   7    N3       83.1610       70.6820       76.1890 
   8    O3       81.0370       78.0810       78.7550 
   6    C4       81.0670       77.6180       77.6290 
   6    C5       82.5320       76.6000       75.9830 
   6    C6       81.6910       72.5910       73.4080 
   6    C7       82.1180       72.2000       74.7200 
   6    C8       82.2650       73.4170       75.6090 
   6    C9       81.3540       74.0120       73.4840 
   6   C10       81.7800       70.3530       72.7190 
   6   C11       82.4450       69.9800       73.9720 
   6   C12       82.5370       70.9320       75.0080 
   6   C13       81.3060       71.6840       72.4340 
   1    H1       81.0240       76.4490       74.3850 
   1    H2       82.9810       77.9430       77.4760 
   1    H3       81.6030       69.5800       71.9760 
   1    H4       82.7550       68.9610       74.1810 
   1    H5       80.7680       71.9430       71.5270 
   1    H6       83.3350       73.6560       75.6300 
   1    H7       81.9180       73.3840       76.6500 
   1    H8       82.8040       71.0830       77.0460 
   1    H9       83.7930       69.9030       76.3190 
   1   H10       80.1240       74.9620       76.7820 
   1   H11       79.2810       75.7380       75.4110 
   1   H12       78.9610       77.1270       77.5640 
   1   H13       79.6080       77.9550       76.1540 

