Run semi-empirical minimization
 &qmmm
    qm_theory='AM1', grms_tol=0.0005,
 scfconv=1.d-10, ndiis_attempts=700,   qmcharge=0,
 /
   6    C1       79.3950       75.7560       74.8670 
   7    N1       80.1660       76.8150       76.8060 
   8    O1       79.2030       75.0640       71.9850 
   6    C2       78.0890       75.5000       75.5870 
   7    N2       79.8030       74.5170       74.1990 
   8    O2       81.6480       76.5120       75.1980 
   6    C3       77.7550       76.7650       76.4550 
   7    N3       81.6370       70.7400       75.2410 
   8    O3       78.7720       77.5760       78.4130 
   6    C4       78.8960       77.2020       77.2450 
   6    C5       80.5070       76.3470       75.6120 
   6    C6       80.1990       72.8600       72.6660 
   6    C7       80.6440       72.3800       73.8720 
   6    C8       80.3530       73.3680       74.9670 
   6    C9       79.6460       74.2750       72.8700 
   6   C10       81.0250       70.7820       71.6650 
   6   C11       81.4740       70.3200       72.8750 
   6   C12       81.2820       71.1540       73.9920 
   6   C13       80.3700       72.0620       71.5250 
   1    H1       79.1470       76.4900       74.0880 
   1    H2       80.9390       77.3300       77.2110 
   1    H3       81.3280       70.3070       70.7370 
   1    H4       81.9880       69.3650       72.9390 
   1    H5       79.9460       72.4660       70.6110 
   1    H6       81.2920       73.5760       75.4940 
   1    H7       79.5760       72.9610       75.6260 
   1    H8       81.4270       71.3210       76.0420 
   1    H9       82.0390       69.8250       75.3960 
   1   H10       78.1370       74.7000       76.3370 
   1   H11       77.3340       75.2910       74.8170 
   1   H12       76.8570       76.6900       77.0810 
   1   H13       77.5320       77.4960       75.6670 

