Run semi-empirical minimization
 &qmmm
    qm_theory='AM1', grms_tol=0.0005,
 scfconv=1.d-10, ndiis_attempts=700,   qmcharge=0,
 /
   6    C1       82.6270       82.5570       74.7480 
   7    N1       83.2620       83.7910       76.8400 
   8    O1       82.5400       81.4580       72.0090 
   6    C2       81.2410       82.4040       75.4560 
   7    N2       83.0320       81.1990       74.2280 
   8    O2       84.8670       83.2410       75.3690 
   6    C3       80.8130       83.6200       76.3470 
   7    N3       85.0790       77.4880       75.5910 
   8    O3       81.8430       84.5070       78.3450 
   6    C4       81.9760       83.9860       77.2460 
   6    C5       83.6280       83.2180       75.6410 
   6    C6       83.4900       79.3880       72.9110 
   6    C7       84.0340       79.0810       74.1580 
   6    C8       83.8320       80.2540       75.0980 
   6    C9       82.8980       80.7400       72.9430 
   6   C10       84.0760       77.2040       72.0340 
   6   C11       84.6500       76.8800       73.2640 
   6   C12       84.5860       77.8370       74.3550 
   6   C13       83.4670       78.4740       71.8410 
   1    H1       82.6060       83.3280       73.9660 
   1    H2       84.0220       84.0800       77.4450 
   1    H3       84.2940       76.5330       71.2080 
   1    H4       85.0100       75.8680       73.4270 
   1    H5       82.8480       78.6510       70.9660 
   1    H6       84.8230       80.5330       75.4770 
   1    H7       83.2120       79.9650       75.9560 
   1    H8       85.2740       78.2130       76.2680 
   1    H9       85.6540       76.6560       75.6040 
   1   H10       81.2130       81.5030       76.0820 
   1   H11       80.4760       82.2170       74.6910 
   1   H12       80.0140       83.3510       77.0510 
   1   H13       80.4500       84.5080       75.8120 

