Run semi-empirical minimization
 &qmmm
    qm_theory='AM1', grms_tol=0.0005,
 scfconv=1.d-10, ndiis_attempts=700,   qmcharge=0,
 /
   6    C1       82.7350       81.5570       75.0750 
   7    N1       83.5400       82.9400       76.9400 
   8    O1       82.7030       80.1150       72.5850 
   6    C2       81.3930       81.4750       75.8700 
   7    N2       83.0950       80.1290       74.8070 
   8    O2       84.9880       82.4590       75.3890 
   6    C3       81.1670       82.7610       76.6250 
   7    N3       85.2740       77.0130       76.7270 
   8    O3       82.1690       83.8010       78.4820 
   6    C4       82.3250       83.2340       77.4640 
   6    C5       83.8330       82.3750       75.7770 
   6    C6       83.8660       78.3240       73.6510 
   6    C7       84.2450       78.1710       74.9800 
   6    C8       83.8320       79.3170       75.8220 
   6    C9       83.1910       79.6270       73.5520 
   6   C10       85.0760       76.3360       73.1410 
   6   C11       85.4730       76.2080       74.4900 
   6   C12       85.0210       77.1640       75.4380 
   6   C13       84.1880       77.3600       72.6750 
   1    H1       82.5830       82.0780       74.1200 
   1    H2       84.3580       83.0640       77.5250 
   1    H3       85.4860       75.7350       72.3350 
   1    H4       86.1650       75.4500       74.8440 
   1    H5       84.0050       77.4990       71.6140 
   1    H6       84.6980       79.8350       76.2530 
   1    H7       83.1840       78.9040       76.6060 
   1    H8       84.8190       77.5930       77.4200 
   1    H9       85.4640       76.0770       77.0600 
   1   H10       81.4730       80.6520       76.5920 
   1   H11       80.5200       81.2650       75.2390 
   1   H12       80.3160       82.6950       77.3160 
   1   H13       80.9440       83.4800       75.8260 

