Run semi-empirical minimization
 &qmmm
    qm_theory='AM1', grms_tol=0.0005,
 scfconv=1.d-10, ndiis_attempts=700,   qmcharge=0,
 /
   6    C1       81.4660       78.7870       74.4120 
   7    N1       82.3720       80.1630       76.2940 
   8    O1       81.5480       77.8040       71.6260 
   6    C2       80.3690       78.4430       75.5360 
   7    N2       82.0200       77.5010       73.8320 
   8    O2       83.6690       79.7170       74.5830 
   6    C3       79.9000       79.7230       76.2500 
   7    N3       83.8210       73.8420       75.2300 
   8    O3       81.0110       81.1180       77.8980 
   6    C4       81.1400       80.4620       76.8750 
   6    C5       82.6090       79.6220       75.1060 
   6    C6       82.5660       75.7270       72.4030 
   6    C7       82.9680       75.3770       73.6670 
   6    C8       82.7150       76.4930       74.7330 
   6    C9       81.9760       77.0660       72.5020 
   6   C10       83.2280       73.5440       71.5770 
   6   C11       83.5540       73.0930       72.8810 
   6   C12       83.4430       74.0820       73.9050 
   6   C13       82.6510       74.8400       71.3520 
   1    H1       81.1970       79.5240       73.6440 
   1    H2       83.2030       80.5630       76.7140 
   1    H3       83.2780       72.7990       70.7880 
   1    H4       83.9900       72.1060       73.0010 
   1    H5       82.2620       75.1240       70.3790 
   1    H6       83.6220       76.9400       75.1580 
   1    H7       81.9550       76.1260       75.4340 
   1    H8       83.6150       74.5570       75.9140 
   1    H9       84.1630       72.9260       75.4920 
   1   H10       80.7550       77.7740       76.3150 
   1   H11       79.4890       77.9720       75.0780 
   1   H12       79.2080       79.4690       77.0640 
   1   H13       79.3720       80.3730       75.5390 

