Run semi-empirical minimization
 &qmmm
    qm_theory='AM1', grms_tol=0.0005,
 scfconv=1.d-10, ndiis_attempts=700,   qmcharge=0,
 /
   6    C1       79.6870       72.2960       74.8500 
   7    N1       79.8950       73.8620       76.7430 
   8    O1       79.8970       70.6610       72.5340 
   6    C2       78.1660       72.5400       74.9510 
   7    N2       79.9450       70.8330       74.8280 
   8    O2       81.7550       73.2540       75.6140 
   6    C3       77.7230       72.7800       76.3970 
   7    N3       80.3620       67.1240       77.2840 
   8    O3       78.3760       74.3180       78.2140 
   6    C4       78.6580       73.6870       77.2240 
   6    C5       80.5720       73.1710       75.7330 
   6    C6       80.1250       68.7520       74.0070 
   6    C7       80.1870       68.6550       75.3950 
   6    C8       80.1150       69.9950       76.0270 
   6    C9       80.0190       70.1170       73.6250 
   6   C10       80.3560       66.4030       73.6140 
   6   C11       80.3630       66.2910       75.0240 
   6   C12       80.2540       67.3820       75.9180 
   6   C13       80.1910       67.6500       73.1220 
   1    H1       79.9100       72.6620       73.8390 
   1    H2       80.4670       74.5650       77.1950 
   1    H3       80.4020       65.5050       73.0040 
   1    H4       80.3960       65.2900       75.4420 
   1    H5       79.9610       67.8200       72.0740 
   1    H6       81.0440       70.3060       76.5220 
   1    H7       79.2530       70.1020       76.6970 
   1    H8       80.1840       67.9280       77.8720 
   1    H9       79.9490       66.2460       77.5680 
   1   H10       77.5460       71.8100       74.4140 
   1   H11       78.0500       73.4840       74.4030 
   1   H12       77.7960       71.7900       76.8650 
   1   H13       76.6780       73.0480       76.6010 

