Run semi-empirical minimization
 &qmmm
    qm_theory='AM1', grms_tol=0.0005,
 scfconv=1.d-10, ndiis_attempts=700,   qmcharge=0,
 /
   6    C1       80.5560       75.5220       75.8980 
   7    N1       81.6770       76.6980       77.8650 
   8    O1       80.1050       74.6330       73.0730 
   6    C2       79.3610       75.5230       76.8480 
   7    N2       80.7710       74.2230       75.2650 
   8    O2       82.9980       76.0700       76.1400 
   6    C3       79.2500       76.8750       77.6530 
   7    N3       82.3610       70.3610       76.4020 
   8    O3       80.5160       77.4340       79.6540 
   6    C4       80.4890       77.0470       78.4710 
   6    C5       81.8780       76.1490       76.6690 
   6    C6       80.9940       72.5410       73.8210 
   6    C7       81.5010       72.0470       74.9830 
   6    C8       81.3990       73.1190       76.0440 
   6    C9       80.4930       73.8890       73.9400 
   6   C10       81.4420       70.3810       72.7920 
   6   C11       82.0130       69.8970       74.0340 
   6   C12       81.9200       70.7690       75.1650 
   6   C13       80.8900       71.6940       72.7180 
   1    H1       80.3700       76.2990       75.1440 
   1    H2       82.5220       76.8400       78.4060 
   1    H3       81.3910       69.7830       71.8870 
   1    H4       82.5400       68.9610       74.1930 
   1    H5       80.5650       72.0590       71.7490 
   1    H6       82.3770       73.3410       76.4880 
   1    H7       80.7790       72.7430       76.8670 
   1    H8       82.1780       70.9050       77.2350 
   1    H9       82.7120       69.4270       76.5670 
   1   H10       79.4360       74.7090       77.5810 
   1   H11       78.3910       75.4290       76.3430 
   1   H12       78.3930       76.8590       78.3390 
   1   H13       79.1190       77.7580       77.0140 

