Run semi-empirical minimization
 &qmmm
    qm_theory='AM1', grms_tol=0.0005,
 scfconv=1.d-10, ndiis_attempts=700,   qmcharge=0,
 /
   6    C1       79.2840       74.8630       75.6580 
   7    N1       80.3860       75.7540       77.6220 
   8    O1       78.7430       74.0980       72.6270 
   6    C2       78.0890       74.5720       76.6410 
   7    N2       79.4770       73.5860       74.8720 
   8    O2       81.6200       75.4420       75.8950 
   6    C3       77.9000       75.8040       77.5770 
   7    N3       81.0540       69.6160       75.4820 
   8    O3       79.2550       76.6970       79.3180 
   6    C4       79.2070       76.1080       78.2510 
   6    C5       80.5320       75.3520       76.3830 
   6    C6       79.7060       72.0330       73.1780 
   6    C7       80.1780       71.5020       74.3260 
   6    C8       79.9860       72.3180       75.5780 
   6    C9       79.2590       73.4010       73.4730 
   6   C10       80.2190       69.9350       72.0150 
   6   C11       80.7450       69.4270       73.1610 
   6   C12       80.7090       70.2070       74.3230 
   6   C13       79.6670       71.2600       72.0260 
   1    H1       79.0140       75.6720       74.9660 
   1    H2       81.1960       75.9500       78.1990 
   1    H3       80.2860       69.3700       71.0900 
   1    H4       81.1670       68.4270       73.1330 
   1    H5       79.2190       71.7210       71.1520 
   1    H6       80.9720       72.4600       76.0370 
   1    H7       79.2890       71.9830       76.3560 
   1    H8       80.9050       70.1240       76.3440 
   1    H9       81.6570       68.8050       75.4540 
   1   H10       78.2970       73.6230       77.1520 
   1   H11       77.2490       74.2930       75.9920 
   1   H12       77.1310       75.5890       78.3310 
   1   H13       77.5580       76.6390       76.9520 

