Run semi-empirical minimization
 &qmmm
    qm_theory='AM1', grms_tol=0.0005,
 scfconv=1.d-10, ndiis_attempts=700,   qmcharge=0,
 /
   6    C1       77.1810       45.0520       55.2410 
   6    C2       77.6840       46.0380       56.2260 
   6    C3       78.8650       46.7370       55.6150 
   6    C4       79.9380       45.7390       55.2970 
   7    N1       79.5920       44.4550       54.8720 
   6    C5       78.3000       44.0990       54.5970 
   6    C6       74.2080       43.1600       56.4580 
   6    C7       75.1320       42.6940       57.3480 
   6    C8       76.4300       43.4390       57.1370 
   7    N2       76.1640       44.2530       55.8880 
   6    C9       74.8540       44.0690       55.4200 
   6   C10       72.5270       41.7830       57.5000 
   6   C11       73.4520       41.3310       58.3780 
   6   C12       74.7590       41.8460       58.4000 
   6   C13       72.8810       42.6690       56.4640 
   8    O1       74.4210       44.5070       54.3740 
   7    N3       75.6970       41.5590       59.4410 
   8    O2       78.0150       43.1280       53.9700 
   8    O3       81.1220       45.8710       55.5470 
   1    H1       76.6100       45.5390       54.4410 
   1    H2       80.3470       43.7820       54.8250 
   1    H3       71.4930       41.4780       57.6270 
   1    H4       73.1210       40.6960       59.1950 
   1    H5       72.1700       42.9120       55.6800 
   1    H6       77.3250       42.8240       56.9840 
   1    H7       76.6460       44.0860       57.9950 
   1    H8       76.6440       41.9010       59.3380 
   1    H9       75.4730       40.7610       60.0210 
   1   H10       77.9720       45.5440       57.1610 
   1   H11       76.9660       46.7940       56.5640 
   1   H12       79.3380       47.5490       56.1800 
   1   H13       78.4250       47.0630       54.6650 

