Run semi-empirical minimization
 &qmmm
    qm_theory='AM1', grms_tol=0.0005,
 scfconv=1.d-10, ndiis_attempts=700,   qmcharge=0,
 /
   6    C1       79.7450       75.4540       74.7460 
   7    N1       80.6200       76.6930       76.7860 
   8    O1       79.1920       74.8170       71.9680 
   6    C2       78.3890       75.3220       75.5400 
   7    N2       80.1180       74.1810       74.0100 
   8    O2       82.1130       76.0460       75.1860 
   6    C3       78.1240       76.5550       76.4370 
   7    N3       81.7110       70.1480       74.6150 
   8    O3       79.3150       77.5280       78.4090 
   6    C4       79.3700       76.9490       77.3080 
   6    C5       80.9350       76.0520       75.6210 
   6    C6       80.1850       72.5980       72.3070 
   6    C7       80.7670       72.0220       73.4940 
   6    C8       80.6840       73.0290       74.7380 
   6    C9       79.7840       73.9770       72.6610 
   6   C10       80.8790       70.6840       71.0210 
   6   C11       81.3650       70.0940       72.2100 
   6   C12       81.2960       70.8000       73.4570 
   6   C13       80.2520       71.9690       71.0570 
   1    H1       79.4660       76.1950       73.9850 
   1    H2       81.3840       77.1260       77.2900 
   1    H3       80.9920       70.1260       70.0960 
   1    H4       81.9080       69.1680       72.0510 
   1    H5       79.9910       72.4780       70.1340 
   1    H6       81.6680       73.1750       75.2030 
   1    H7       80.0160       72.6470       75.5200 
   1    H8       81.5190       70.6080       75.4950 
   1    H9       82.0400       69.1910       74.6140 
   1   H10       78.4440       74.4130       76.1530 
   1   H11       77.6520       75.1100       74.7540 
   1   H12       77.2670       76.3660       77.0970 
   1   H13       77.9170       77.4580       75.8470 

