Run semi-empirical minimization
 &qmmm
    qm_theory='AM1', grms_tol=0.0005,
 scfconv=1.d-10, ndiis_attempts=700,   qmcharge=0,
 /
   6    C1       82.2640       80.8580       76.0050 
   7    N1       83.4510       82.1450       77.6970 
   8    O1       81.5610       79.9280       73.3080 
   6    C2       81.0970       80.8260       77.0100 
   7    N2       82.4880       79.5710       75.4100 
   8    O2       84.5980       81.4040       75.9560 
   6    C3       81.0840       82.0940       77.9320 
   7    N3       84.2370       75.7340       76.3530 
   8    O3       82.6710       83.3370       79.3090 
   6    C4       82.4560       82.6780       78.3380 
   6    C5       83.5600       81.4510       76.5520 
   6    C6       82.6010       77.8580       73.9300 
   6    C7       83.1420       77.4220       75.0840 
   6    C8       83.1200       78.4740       76.1340 
   6    C9       82.1420       79.2360       74.0750 
   6   C10       83.1980       75.6860       72.9080 
   6   C11       83.6800       75.2890       74.1540 
   6   C12       83.6470       76.1500       75.2280 
   6   C13       82.6230       77.0210       72.7680 
   1    H1       81.9210       81.5950       75.2660 
   1    H2       84.3620       82.3950       78.0620 
   1    H3       83.3770       75.0750       72.0280 
   1    H4       84.2220       74.3490       74.1230 
   1    H5       82.3550       77.3370       71.7640 
   1    H6       84.0990       78.9080       76.3730 
   1    H7       82.6020       78.1240       77.0360 
   1    H8       84.1970       76.3160       77.1800 
   1    H9       84.9250       75.0050       76.2160 
   1   H10       81.0660       79.9660       77.6920 
   1   H11       80.1390       80.9050       76.4790 
   1   H12       80.4140       82.0870       78.8020 
   1   H13       80.6970       82.9200       77.3220 

