Run semi-empirical minimization
 &qmmm
    qm_theory='AM1', grms_tol=0.0005,
 scfconv=1.d-10, ndiis_attempts=700,   qmcharge=0,
 /
   6    C1       79.7990       74.3950       75.2810 
   7    N1       80.2980       75.6140       77.3800 
   8    O1       79.7600       72.9310       72.7120 
   6    C2       78.3600       74.3700       75.7570 
   7    N2       80.2380       72.9500       74.9490 
   8    O2       81.9390       75.0710       75.9740 
   6    C3       77.9840       75.4820       76.7400 
   7    N3       81.4350       69.3090       77.0900 
   8    O3       78.6360       76.1920       78.8950 
   6    C4       79.0150       75.7080       77.8220 
   6    C5       80.7490       75.0980       76.2340 
   6    C6       80.1580       70.8540       74.0100 
   6    C7       80.6540       70.7230       75.3300 
   6    C8       80.6650       72.0400       76.0930 
   6    C9       80.0030       72.3440       73.7390 
   6   C10       80.3840       68.4280       73.5690 
   6   C11       80.9020       68.3200       74.8840 
   6   C12       81.0080       69.4190       75.7240 
   6   C13       80.0550       69.7170       73.1440 
   1    H1       79.8280       74.9860       74.3560 
   1    H2       81.0010       76.0700       77.9500 
   1    H3       80.2560       67.5610       72.9280 
   1    H4       81.3310       67.4090       75.2920 
   1    H5       79.6840       69.7960       72.1270 
   1    H6       81.7160       72.3020       76.2710 
   1    H7       80.1030       72.2340       77.0150 
   1    H8       81.2650       69.9780       77.8290 
   1    H9       81.6900       68.4140       77.4860 
   1   H10       78.1940       73.3660       76.1700 
   1   H11       77.6100       74.2670       74.9610 
   1   H12       77.0510       75.3370       77.3000 
   1   H13       77.8300       76.4390       76.2240 

