Run semi-empirical minimization
 &qmmm
    qm_theory='AM1', grms_tol=0.0005,
 scfconv=1.d-10, ndiis_attempts=700,   qmcharge=0,
 /
   6    C1       80.4070       77.0020       75.7750 
   7    N1       81.4100       78.2970       77.7550 
   8    O1       79.9960       76.0030       73.0480 
   6    C2       79.0950       77.0160       76.5140 
   7    N2       80.6110       75.6220       75.2420 
   8    O2       82.7360       77.7100       75.9940 
   6    C3       78.9340       78.1910       77.4850 
   7    N3       82.2010       71.6310       76.3860 
   8    O3       80.0570       79.4050       79.1980 
   6    C4       80.1650       78.7090       78.2030 
   6    C5       81.6400       77.6870       76.5190 
   6    C6       80.8320       73.8710       73.7680 
   6    C7       81.3480       73.4340       75.0080 
   6    C8       81.1930       74.5550       76.0730 
   6    C9       80.4410       75.2880       73.9290 
   6   C10       81.3790       71.7170       72.7940 
   6   C11       81.8490       71.3690       74.0740 
   6   C12       81.8230       72.1450       75.1760 
   6   C13       80.8420       73.0300       72.6440 
   1    H1       80.2260       77.7300       74.9720 
   1    H2       82.1630       78.6150       78.3530 
   1    H3       81.3780       71.0420       71.9430 
   1    H4       82.2560       70.3790       74.2590 
   1    H5       80.4730       73.1980       71.6360 
   1    H6       82.1570       74.8580       76.5020 
   1    H7       80.4480       74.2710       76.8270 
   1    H8       82.1630       72.2030       77.2200 
   1    H9       82.4240       70.6520       76.5020 
   1   H10       79.0520       76.0870       77.0980 
   1   H11       78.2840       76.8320       75.7970 
   1   H12       78.1540       77.9940       78.2320 
   1   H13       78.4810       79.0020       76.8980 

