Run semi-empirical minimization
 &qmmm
    qm_theory='AM1', grms_tol=0.0005,
 scfconv=1.d-10, ndiis_attempts=700,   qmcharge=0,
 /
   6    C1       81.1730       75.5300       75.2530 
   7    N1       82.0630       76.7820       77.2640 
   8    O1       80.8150       74.5300       72.5210 
   6    C2       79.8950       75.4380       76.1310 
   7    N2       81.4690       74.2250       74.7340 
   8    O2       83.4770       76.1680       75.7030 
   6    C3       79.7000       76.7900       76.8800 
   7    N3       83.0670       70.4300       76.0440 
   8    O3       80.8400       77.8420       78.7540 
   6    C4       80.8770       77.2340       77.7100 
   6    C5       82.3670       76.2050       76.1000 
   6    C6       81.7230       72.4480       73.4040 
   6    C7       82.1120       72.0000       74.6590 
   6    C8       81.9150       73.1280       75.6790 
   6    C9       81.2850       73.8330       73.4360 
   6   C10       82.1450       70.1850       72.4710 
   6   C11       82.6060       69.7150       73.7300 
   6   C12       82.5840       70.6810       74.8210 
   6   C13       81.6470       71.4940       72.3460 
   1    H1       81.0560       76.2530       74.4350 
   1    H2       82.7790       76.9280       77.9650 
   1    H3       82.2000       69.5260       71.6100 
   1    H4       83.0420       68.7200       73.7350 
   1    H5       81.1850       71.7520       71.3980 
   1    H6       82.9000       73.1920       76.1570 
   1    H7       81.1740       72.8270       76.4310 
   1    H8       82.7830       70.9630       76.8550 
   1    H9       83.4290       69.5210       76.3010 
   1   H10       79.9180       74.6140       76.8560 
   1   H11       79.0170       75.3480       75.4790 
   1   H12       78.7940       76.7310       77.4980 
   1   H13       79.5140       77.5620       76.1220 

