Run semi-empirical minimization
 &qmmm
    qm_theory='AM1', grms_tol=0.0005,
 scfconv=1.d-10, ndiis_attempts=700,   qmcharge=0,
 /
   6    C1       81.7270       79.2720       74.6120 
   7    N1       82.8120       80.7190       76.3970 
   8    O1       81.7500       78.0600       71.9410 
   6    C2       80.4770       79.2580       75.5850 
   7    N2       82.0950       77.9120       74.2420 
   8    O2       84.0200       79.8170       74.7200 
   6    C3       80.3850       80.6650       76.2880 
   7    N3       83.9760       74.3120       75.9200 
   8    O3       81.7950       81.8460       77.9350 
   6    C4       81.6710       81.1770       76.9250 
   6    C5       82.9780       79.9430       75.2520 
   6    C6       82.6840       76.1330       73.0840 
   6    C7       82.9560       75.7630       74.3690 
   6    C8       82.5910       76.9090       75.2100 
   6    C9       82.0630       77.4230       72.9570 
   6   C10       83.6790       74.1120       72.2920 
   6   C11       84.0150       73.7770       73.6290 
   6   C12       83.6340       74.5970       74.6660 
   6   C13       82.9450       75.2580       72.0350 
   1    H1       81.4110       79.8000       73.7020 
   1    H2       83.6970       80.9100       76.8510 
   1    H3       84.0200       73.4380       71.5120 
   1    H4       84.6650       72.9170       73.7560 
   1    H5       82.5620       75.4530       71.0380 
   1    H6       83.4950       77.2950       75.6980 
   1    H7       81.9160       76.5640       76.0030 
   1    H8       83.5420       74.7720       76.7090 
   1    H9       84.3600       73.4110       76.1710 
   1   H10       80.6540       78.4400       76.2960 
   1   H11       79.5710       79.1690       74.9730 
   1   H12       79.6430       80.7190       77.0950 
   1   H13       80.0880       81.4430       75.5720 

