Run semi-empirical minimization
 &qmmm
    qm_theory='AM1', grms_tol=0.0005,
 scfconv=1.d-10, ndiis_attempts=700,   qmcharge=0,
 /
   6    C1       79.9130       75.7950       74.7460 
   7    N1       80.5260       77.0970       76.7830 
   8    O1       79.9340       74.7130       71.8990 
   6    C2       78.5940       75.6290       75.5500 
   7    N2       80.4330       74.4850       74.1870 
   8    O2       82.1410       76.6270       75.3550 
   6    C3       78.1480       76.9290       76.3090 
   7    N3       82.0560       70.5710       75.6070 
   8    O3       79.0890       77.9640       78.2830 
   6    C4       79.2550       77.4390       77.1900 
   6    C5       80.9720       76.5520       75.6470 
   6    C6       80.7020       72.6690       72.9260 
   6    C7       81.2590       72.3550       74.1610 
   6    C8       81.0350       73.4480       75.1310 
   6    C9       80.2440       74.0640       72.8680 
   6   C10       81.1680       70.4300       72.1100 
   6   C11       81.6900       70.0440       73.3370 
   6   C12       81.6990       71.0070       74.3920 
   6   C13       80.8190       71.7680       71.8290 
   1    H1       79.8580       76.5270       73.9290 
   1    H2       81.3160       77.5000       77.2730 
   1    H3       81.1630       69.7760       71.2430 
   1    H4       82.0290       69.0170       73.4260 
   1    H5       80.6050       72.1320       70.8280 
   1    H6       81.9990       73.8580       75.4570 
   1    H7       80.3810       73.0730       75.9280 
   1    H8       82.2700       71.2040       76.3660 
   1    H9       82.3760       69.6120       75.6460 
   1   H10       78.8840       74.9230       76.3390 
   1   H11       77.8240       75.1220       74.9540 
   1   H12       77.2110       76.9010       76.8820 
   1   H13       77.9350       77.7210       75.5790 

