Run semi-empirical minimization
 &qmmm
    qm_theory='AM1', grms_tol=0.0005,
 scfconv=1.d-10, ndiis_attempts=700,   qmcharge=0,
 /
   6    C1       81.4480       77.8180       75.6960 
   7    N1       82.4870       79.1200       77.6330 
   8    O1       81.4000       76.9030       72.8680 
   6    C2       80.1800       77.8580       76.5580 
   7    N2       81.8240       76.4880       75.1450 
   8    O2       83.6990       78.5170       75.9110 
   6    C3       80.1010       79.1520       77.3910 
   7    N3       83.7420       72.6540       76.4260 
   8    O3       81.3430       80.2700       79.1540 
   6    C4       81.3410       79.6520       78.1050 
   6    C5       82.6090       78.5300       76.4420 
   6    C6       82.4150       74.8440       73.7520 
   6    C7       82.7740       74.3930       75.0230 
   6    C8       82.4420       75.4040       76.0800 
   6    C9       81.7950       76.1490       73.7900 
   6   C10       83.3750       72.8260       72.8770 
   6   C11       83.7370       72.4200       74.1570 
   6   C12       83.3670       73.1570       75.2090 
   6   C13       82.6110       74.0600       72.6410 
   1    H1       81.2920       78.4770       74.8310 
   1    H2       83.3410       79.2280       78.1670 
   1    H3       83.5940       72.1690       72.0400 
   1    H4       84.2700       71.4810       74.2690 
   1    H5       82.4390       74.3160       71.6000 
   1    H6       83.2900       75.7720       76.6710 
   1    H7       81.7020       74.9500       76.7500 
   1    H8       83.3050       72.9360       77.2940 
   1    H9       84.2700       71.7920       76.4440 
   1   H10       80.2020       77.0100       77.2550 
   1   H11       79.3190       77.7340       75.8880 
   1   H12       79.2770       79.0820       78.1130 
   1   H13       79.8110       79.8360       76.5830 

