Run semi-empirical minimization
 &qmmm
    qm_theory='AM1', grms_tol=0.0005,
 scfconv=1.d-10, ndiis_attempts=700,   qmcharge=0,
 /
   6    C1       45.8110      130.8550       15.3620 
   6    C2       47.0800      131.6510       15.0820 
   6    C3       47.8730      130.9930       13.9580 
   6    C4       48.1250      129.5400       14.1980 
   7    N5       47.3190      128.9260       15.1330 
   6    C6       46.0910      129.3700       15.5620 
   6    C7       43.6280      132.6780       17.7200 
   6    C8       44.4420      132.0260       18.6260 
   6    C9       45.4160      131.1570       17.8920 
   7   N10       45.0800      131.4180       16.4930 
   6   C11       44.0220      132.2680       16.3600 
   6   C12       42.4700      133.7530       19.4750 
   6   C13       43.2880      133.1020       20.3980 
   6   C14       44.2920      132.2220       19.9980 
   6   C15       42.6270      133.5520       18.1180 
   8   O16       43.5170      132.6060       15.2930 
   7   N17       45.0930      131.5840       20.9030 
   8   O18       45.2870      128.6010       16.0400 
   8   O19       48.9880      128.9120       13.6160 
   1  H32C       47.3910      131.0990       13.1230 
   1  H31C       48.7220      131.4510       13.8560 
   1  H22C       46.8520      132.5610       14.8370 
   1  H21C       47.6230      131.7010       15.8840 
   1  H172       44.9830      131.7200       21.7450 
   1  H171       45.7070      131.0470       20.6300 
   1   H92       46.3350      131.3940       18.0930 
   1   H91       45.3080      130.2210       18.1210 
   1    H5       47.6120      128.1960       15.4810 
   1   H15       42.0620      134.0020       17.4710 
   1   H13       43.1540      133.2660       21.3450 
   1   H12       41.7800      134.3570       19.7910 
   1    H1       45.2490      130.9270       14.5750 

