Run semi-empirical minimization
 &qmmm
    qm_theory='AM1', grms_tol=0.0005,
 scfconv=1.d-10, ndiis_attempts=700,   qmcharge=0,
 /
   6    C1       78.5720       72.9780       74.6730 
   7    N1       79.1330       74.3190       76.6510 
   8    O1       78.5950       71.4630       72.2870 
   6    C2       77.0970       73.4590       74.8050 
   7    N2       78.7060       71.4980       74.5160 
   8    O2       80.7940       73.2990       75.5770 
   6    C3       76.7280       73.9490       76.2600 
   7    N3       79.5270       67.8090       76.7520 
   8    O3       77.7100       75.0450       78.1720 
   6    C4       77.8850       74.4490       77.1290 
   6    C5       79.5490       73.5780       75.6560 
   6    C6       78.7750       69.4780       73.5480 
   6    C7       79.1310       69.3050       74.9010 
   6    C8       79.0160       70.6130       75.7020 
   6    C9       78.6540       70.8740       73.3070 
   6   C10       78.9260       67.0940       73.2110 
   6   C11       79.3180       66.9290       74.5310 
   6   C12       79.3340       68.0130       75.4250 
   6   C13       78.6820       68.3910       72.7080 
   1    H1       78.9740       73.4320       73.7570 
   1    H2       79.8810       74.6090       77.2700 
   1    H3       78.9220       66.2070       72.5850 
   1    H4       79.4470       65.9280       74.9320 
   1    H5       78.5590       68.5000       71.6340 
   1    H6       79.9490       70.9070       76.1990 
   1    H7       78.2090       70.7370       76.4350 
   1    H8       79.6150       68.5540       77.4300 
   1    H9       79.4580       66.8410       77.0390 
   1   H10       76.2830       72.7760       74.5300 
   1   H11       77.0220       74.2370       74.0330 
   1   H12       76.2840       73.0880       76.7770 
   1   H13       76.0010       74.7700       76.2050 

