Run semi-empirical minimization
 &qmmm
    qm_theory='AM1', grms_tol=0.0005,
 scfconv=1.d-10, ndiis_attempts=700,   qmcharge=0,
 /
   6    C1       80.4890       76.3070       74.7610 
   7    N1       81.5320       77.3810       76.7540 
   8    O1       79.9010       75.5290       71.8870 
   6    C2       79.2130       76.2640       75.5350 
   7    N2       80.6460       75.0310       74.0940 
   8    O2       82.8700       76.7710       75.0880 
   6    C3       79.1020       77.5250       76.3660 
   7    N3       82.2600       71.0330       74.8380 
   8    O3       80.3180       78.3860       78.2160 
   6    C4       80.3840       77.8690       77.1440 
   6    C5       81.7530       76.7950       75.5290 
   6    C6       80.6990       73.3610       72.5480 
   6    C7       81.2010       72.8820       73.6690 
   6    C8       81.3510       73.8890       74.7090 
   6    C9       80.3970       74.7850       72.7200 
   6   C10       80.8270       71.2430       71.4690 
   6   C11       81.3530       70.7380       72.6350 
   6   C12       81.6290       71.5840       73.6970 
   6   C13       80.5890       72.5740       71.3520 
   1    H1       80.3150       77.1170       74.0400 
   1    H2       82.3720       77.6210       77.2660 
   1    H3       80.5370       70.6480       70.6080 
   1    H4       81.6770       69.7010       72.6480 
   1    H5       80.2640       73.0830       70.4490 
   1    H6       82.4260       73.9940       74.9000 
   1    H7       80.7700       73.5920       75.5910 
   1    H8       82.2610       71.5110       75.7300 
   1    H9       82.5930       70.0790       74.8100 
   1   H10       79.2660       75.4600       76.2810 
   1   H11       78.3560       76.0220       74.8920 
   1   H12       78.2990       77.5260       77.1150 
   1   H13       78.9330       78.3780       75.6960 

