Run semi-empirical minimization
 &qmmm
    qm_theory='AM1', grms_tol=0.0005,
 scfconv=1.d-10, ndiis_attempts=700,   qmcharge=0,
 /
   6    C1       82.2730       80.4140       75.7220 
   7    N1       83.4430       82.0620       77.1250 
   8    O1       81.7540       79.5200       72.8400 
   6    C2       81.2610       80.3060       76.8910 
   7    N2       82.5890       79.1230       75.0410 
   8    O2       84.4530       81.2350       75.2490 
   6    C3       81.0390       81.6400       77.6110 
   7    N3       84.5300       75.4540       76.0810 
   8    O3       82.5270       82.8500       78.9800 
   6    C4       82.3910       82.2520       77.9610 
   6    C5       83.5150       81.2700       76.0330 
   6    C6       82.8470       77.4280       73.5100 
   6    C7       83.4630       77.0290       74.7100 
   6    C8       83.3770       78.1040       75.7810 
   6    C9       82.3660       78.7860       73.6700 
   6   C10       83.6590       75.3150       72.5580 
   6   C11       84.1630       74.9590       73.7740 
   6   C12       84.0130       75.7600       74.8960 
   6   C13       82.9010       76.5350       72.4300 
   1    H1       81.7140       80.9890       74.9720 
   1    H2       84.2400       82.6430       77.3590 
   1    H3       83.8430       74.6770       71.6980 
   1    H4       84.6820       74.0060       73.7870 
   1    H5       82.4190       76.7340       71.4770 
   1    H6       84.4030       78.3960       76.0370 
   1    H7       82.8810       77.7980       76.7100 
   1    H8       84.3650       76.0420       76.8870 
   1    H9       84.8490       74.5070       76.2350 
   1   H10       81.7190       79.6950       77.6790 
   1   H11       80.3080       79.7910       76.7140 
   1   H12       80.4040       81.5220       78.4990 
   1   H13       80.5820       82.2840       76.8480 

