Run semi-empirical minimization
 &qmmm
    qm_theory='AM1', grms_tol=0.0005,
 scfconv=1.d-10, ndiis_attempts=700,   qmcharge=0,
 /
   6    C1       79.5900       74.9070       75.1650 
   7    N1       80.4510       76.3810       76.9440 
   8    O1       79.2250       74.3820       72.3350 
   6    C2       78.4020       74.6680       76.0830 
   7    N2       79.8380       73.6420       74.4490 
   8    O2       81.8860       75.6770       75.2730 
   6    C3       78.0740       75.9520       76.7630 
   7    N3       81.3460       69.4300       74.8710 
   8    O3       79.1980       76.9410       78.7150 
   6    C4       79.2690       76.4740       77.5720 
   6    C5       80.7810       75.6020       75.8460 
   6    C6       79.8470       72.0370       72.8170 
   6    C7       80.2960       71.3720       73.9670 
   6    C8       80.4540       72.4150       75.0730 
   6    C9       79.5820       73.4890       73.0670 
   6   C10       79.9220       69.9720       71.4910 
   6   C11       80.4930       69.3680       72.6580 
   6   C12       80.7320       70.0830       73.8610 
   6   C13       79.5820       71.3340       71.5970 
   1    H1       79.2320       75.6400       74.4290 
   1    H2       81.2220       76.8810       77.3710 
   1    H3       79.7010       69.4340       70.5740 
   1    H4       80.6880       68.3060       72.5430 
   1    H5       79.1140       71.9080       70.8030 
   1    H6       81.5090       72.5500       75.3400 
   1    H7       79.8860       72.1930       75.9850 
   1    H8       81.2280       69.9150       75.7500 
   1    H9       81.2830       68.4220       74.9180 
   1   H10       78.5090       73.8780       76.8380 
   1   H11       77.6390       74.3150       75.3780 
   1   H12       77.1510       75.8310       77.3450 
   1   H13       77.8910       76.7220       76.0020 

