Run semi-empirical minimization
 &qmmm
    qm_theory='AM1', grms_tol=0.0005,
 scfconv=1.d-10, ndiis_attempts=700,   qmcharge=0,
 /
   6    C1       81.7070       83.6330       73.9940 
   7    N1       82.5490       84.8970       75.8700 
   8    O1       81.1970       82.4730       71.2540 
   6    C2       80.3270       83.6540       74.6090 
   7    N2       82.0520       82.2660       73.4120 
   8    O2       84.0630       84.0300       74.5060 
   6    C3       80.1030       84.8890       75.6190 
   7    N3       83.8230       78.4620       74.5100 
   8    O3       81.2030       85.5370       77.5420 
   6    C4       81.3470       85.1790       76.3760 
   6    C5       82.8690       84.1690       74.8200 
   6    C6       82.1530       80.4210       72.0290 
   6    C7       82.7750       80.0880       73.1930 
   6    C8       82.7350       81.2330       74.1910 
   6    C9       81.6600       81.7970       72.1810 
   6   C10       82.6370       78.3130       70.9750 
   6   C11       83.2260       77.9170       72.1900 
   6   C12       83.2660       78.7330       73.2890 
   6   C13       82.0860       79.6130       70.8840 
   1    H1       81.6780       84.3630       73.1740 
   1    H2       83.3530       85.2350       76.3850 
   1    H3       82.5350       77.5830       70.1770 
   1    H4       83.7310       76.9560       72.1460 
   1    H5       81.8950       79.9710       69.8770 
   1    H6       83.7360       81.6080       74.4400 
   1    H7       82.0670       80.9770       75.0230 
   1    H8       83.8980       79.1440       75.2530 
   1    H9       84.3460       77.6010       74.6080 
   1   H10       80.1140       82.6620       75.0290 
   1   H11       79.5650       83.7250       73.8220 
   1   H12       79.2000       84.8110       76.2370 
   1   H13       79.8940       85.7380       74.9550 

